0.0003840923309326172 0.2947828769683838 426781.91248365224 384103.721235287 292312 bunny-292312-00000.m4s 
 0.2986791133880615 0.3418998718261719 428031.7486471711 423638.94590598263 292312 bunny-292312-00001.m4s 
 0.6411628723144531 0.45798516273498535 430808.7162076266 430091.73917746224 292312 bunny-292312-00002.m4s 
 1.0996878147125244 0.3955652713775635 428065.8901382117 428268.4750421368 292312 bunny-292312-00003.m4s 
 1.4968690872192383 0.3892350196838379 427566.87241343403 427637.03267630434 292312 bunny-292312-00004.m4s 
 1.8864378929138184 0.3775022029876709 430069.01341262466 429825.81533899263 292312 bunny-292312-00005.m4s 
 2.264324188232422 0.309053897857666 528089.116918904 518262.78676091286 292312 bunny-292312-00006.m4s 
 2.57368803024292 0.31791210174560547 529831.9852409593 528675.0653929546 292312 bunny-292312-00007.m4s 
 2.892003059387207 0.31935691833496094 521147.3133813121 521900.08858247637 292312 bunny-292312-00008.m4s 
 3.2116858959198 0.3091471195220947 520554.74509604316 520689.2794446864 292312 bunny-292312-00009.m4s 
 3.5218629837036133 0.2973940372467041 524852.4867716724 524436.1660389738 292312 bunny-292312-00010.m4s 
 3.8213579654693604 0.46838903427124023 566930.4372446637 562681.0101240948 292312 bunny-292312-00011.m4s 
 4.290982961654663 0.3240780830383301 631897.0973911227 624975.4886644199 612790 bunny-612790-00012.m4s 
 4.615499019622803 0.747002124786377 630273.9769778313 629744.1281464902 612790 bunny-612790-00013.m4s 
 5.363538980484009 0.7515659332275391 630661.9007656642 630570.1235037468 612790 bunny-612790-00014.m4s 
 6.115557909011841 0.5342690944671631 781194.3537858 766131.9307575948 612790 bunny-612790-00015.m4s 
 6.650238037109375 0.37400293350219727 775074.1345409714 774179.9141626337 612790 bunny-612790-00016.m4s 
 7.025480031967163 0.34471702575683594 774942.866292999 774866.5710799625 612790 bunny-612790-00017.m4s 
 7.371461868286133 0.2909061908721924 770392.6799497438 770840.0690627657 612790 bunny-612790-00018.m4s 
 7.662693977355957 0.4976317882537842 789177.8806536352 787344.0994945483 612790 bunny-612790-00019.m4s 
 8.160676002502441 0.2932779788970947 865445.1348665999 857635.0313293948 612790 bunny-612790-00020.m4s 
 8.454717874526978 0.22413420677185059 858307.1846584412 858239.9693255366 612790 bunny-612790-00021.m4s 
 8.679147958755493 0.670461893081665 889870.1121665818 886707.0978824772 612790 bunny-612790-00022.m4s 
 9.350832223892212 0.44145894050598145 877635.4139660933 878542.5823577318 612790 bunny-612790-00023.m4s 
 9.792601108551025 0.4366598129272461 877919.1229669492 877981.4689060275 612790 bunny-612790-00024.m4s 
 10.229578971862793 0.39681506156921387 971576.0245475296 962216.5689833795 612790 bunny-612790-00025.m4s 
 10.627631187438965 0.3890559673309326 982624.6918218258 980583.8795379811 612790 bunny-612790-00026.m4s 
 11.016962051391602 0.3908967971801758 982315.5440769972 982142.3776230955 612790 bunny-612790-00027.m4s 
 11.408346176147461 0.39421892166137695 974910.0788473239 975633.308724901 612790 bunny-612790-00028.m4s 
 11.802888870239258 0.3990621566772461 970174.6796129498 970720.542524145 612790 bunny-612790-00029.m4s 
 